image: IAS_kitchen_025_small.pgm
resolution: 0.0250000
origin: [-0.500000, -2.5400, 0.0273]
negate: 0
occupied_thresh: 0.65
free_thresh: 0.196

